Target                                                           RMSD   GDT-TS   GDT-HA
   1                                              tag0001.al.pdb   3.6740   0.7385   0.5401
   2                                              tag0002.al.pdb   4.4720   0.6756   0.4733
   3                                              tag0003.al.pdb   3.8800   0.7576   0.5744
   4                                              tag0004.al.pdb   4.2790   0.7443   0.5649
   5                                              tag0005.al.pdb   4.3360   0.7004   0.4981
   6                                              tag0006.al.pdb   3.5980   0.7023   0.4866
   7                                              tag0009.al.pdb   4.2250   0.7290   0.5363
   8                                              tag0010.al.pdb   4.6470   0.7385   0.5553
   9                                              tag0011.al.pdb   4.4100   0.7309   0.5611
  10                                              tag0013.al.pdb   3.7010   0.7252   0.5267
  11                                              tag0014.al.pdb   4.9180   0.7366   0.5592
  12                                              tag0015.al.pdb   3.9630   0.7023   0.4981
  13                                              tag0016.al.pdb   3.8480   0.7424   0.5458
  14                                              tag0017.al.pdb   4.0610   0.7233   0.5305
  15                                              tag0018.al.pdb   4.6510   0.7309   0.5592
  16                                              tag0020.al.pdb   3.6900   0.7443   0.5477
  17                                              tag0022.al.pdb   3.7520   0.7557   0.5496
  18                                              tag0023.al.pdb   4.0590   0.7118   0.5038
  19                                              tag0025.al.pdb   4.6080   0.6851   0.4828
  20                                              tag0027.al.pdb   3.4360   0.7252   0.5210
  21                                              tag0028.al.pdb   4.2660   0.7195   0.5382
  22                                              tag0030.al.pdb   3.4280   0.7424   0.5420
  23                                              tag0032.al.pdb   4.0970   0.7481   0.5630
  24                                              tag0033.al.pdb   4.2340   0.7176   0.5305
  25                                              tag0034.al.pdb   3.7280   0.6908   0.4752
  26                                              tag0035.al.pdb   4.3510   0.7271   0.5286
  27                                              tag0036.al.pdb   3.6250   0.7538   0.5496
  28                                              tag0038.al.pdb   4.0490   0.7252   0.5477
  29                                              tag0039.al.pdb   4.4320   0.7385   0.5477
  30                                              tag0040.al.pdb   3.8510   0.7252   0.5267
  31                                              tag0041.al.pdb   3.9810   0.7233   0.5248
  32                                              tag0042.al.pdb   4.0860   0.7156   0.5210
  33                                              tag0043.al.pdb   3.6020   0.7481   0.5553
  34                                              tag0044.al.pdb   3.9360   0.7023   0.4924
  35                                              tag0045.al.pdb   3.9250   0.7462   0.5553
  36                                              tag0046.al.pdb   4.2580   0.7271   0.5496
  37                                              tag0047.al.pdb   4.2920   0.6966   0.5115
  38                                              tag0048.al.pdb   4.4950   0.7328   0.5382
  39                                              tag0049.al.pdb   4.1840   0.6679   0.4618
  40                                              tag0050.al.pdb   3.8590   0.7023   0.4943
  41                                              tag0051.al.pdb   3.7660   0.7481   0.5496
  42                                              tag0052.al.pdb   3.8920   0.7538   0.5439
  43                                              tag0055.al.pdb   4.2570   0.7366   0.5439
  44                                              tag0058.al.pdb   3.9430   0.7328   0.5324
  45                                              tag0059.al.pdb   3.4450   0.7405   0.5286
  46                                              tag0061.al.pdb   4.3600   0.7385   0.5573
  47                                              tag0062.al.pdb   3.6400   0.7176   0.5115
  48                                              tag0063.al.pdb   3.5810   0.7233   0.5172
  49                                              tag0064.al.pdb   4.3020   0.7042   0.5095
  50                                              tag0065.al.pdb   4.3230   0.7385   0.5649
  51                                              tag0066.al.pdb   4.3990   0.6985   0.5076
  52                                              tag0068.al.pdb   4.3160   0.7176   0.5305
  53                                              tag0069.al.pdb   4.1430   0.7405   0.5630
  54                                              tag0070.al.pdb   3.6150   0.7805   0.5916
  55                                              tag0072.al.pdb   3.6730   0.7576   0.5553
  56                                              tag0073.al.pdb   4.7490   0.7118   0.5248
  57                                              tag0075.al.pdb   3.7460   0.7443   0.5496
  58                                              tag0076.al.pdb   3.9020   0.7424   0.5515
  59                                              tag0077.al.pdb   4.9000   0.6985   0.5210
  60                                              tag0078.al.pdb   4.5230   0.7080   0.5038
  61                                              tag0079.al.pdb   4.2090   0.7023   0.5019
  62                                              tag0080.al.pdb   6.1370   0.6450   0.4542
  63                                              tag0081.al.pdb   3.6310   0.7099   0.4943
  64                                              tag0082.al.pdb   3.0210   0.7672   0.5840
  65                                              tag0083.al.pdb   4.6130   0.7156   0.5458
  66                                              tag0084.al.pdb   3.9120   0.7042   0.4943
  67                                              tag0087.al.pdb   4.4990   0.7385   0.5477
  68                                              tag0088.al.pdb   3.2310   0.7615   0.5611
  69                                              tag0089.al.pdb   3.8750   0.7023   0.5000
  70                                              tag0090.al.pdb   4.3790   0.7214   0.5172
  71                                              tag0098.al.pdb   6.2020   0.5076   0.3340
  72                                              tag0102.al.pdb   6.3860   0.4733   0.3034
  73                                              tag0104.al.pdb   6.2140   0.5134   0.3359
  74                                              tag0107.al.pdb   7.4280   0.4580   0.3149
  75                                              tag0109.al.pdb   5.8380   0.5172   0.3302
  76                                              tag0124.al.pdb   6.3950   0.4714   0.2977
  77                                              tag0125.al.pdb   6.8650   0.5019   0.3435
  78                                              tag0144.al.pdb   6.5440   0.4676   0.2996
  79                                              tag0146.al.pdb   6.8760   0.4714   0.3034
  80                                              tag0153.al.pdb   6.7660   0.4714   0.3149
  81                                              tag0154.al.pdb   8.4870   0.4676   0.3187
  82                                              tag0168.al.pdb   5.9180   0.5095   0.3225
  83                                              tag0171.al.pdb   6.8150   0.4523   0.2882
  84                                              tag0174.al.pdb   6.8370   0.4866   0.3321
  85                                              tag0271.al.pdb  17.8400   0.2042   0.1431
  86                                              tag0295.al.pdb  19.0640   0.2023   0.1431
  87                                              tag0296.al.pdb  13.1240   0.2042   0.1469
  88                                              tag0301.al.pdb  12.1100   0.2214   0.1431
  89                                              tag0307.al.pdb  12.7710   0.2290   0.1584
  90                                              tag0308.al.pdb  12.4300   0.2214   0.1603
  91                                              tag0312.al.pdb  13.7110   0.2328   0.1546
  92                                              tag0325.al.pdb  15.3940   0.2004   0.1317
  93                                              tag0337.al.pdb  10.0910   0.2233   0.1279
  94                                              tag0343.al.pdb  17.0830   0.2176   0.1489
  95                                              tag0349.al.pdb  15.0400   0.2366   0.1603
  96                                              tag0373.al.pdb  15.4070   0.2195   0.1565
  97                                              tag0392.al.pdb  15.3410   0.2099   0.1431
  98                                              tag0394.al.pdb  15.2270   0.2042   0.1279
  99                                              tag0450.al.pdb  15.4370   0.2290   0.1489
 100                                              tag0522.al.pdb  11.7740   0.2195   0.1508
