Target                                                           RMSD   GDT-TS   GDT-HA
   1                                              tag0001.al.pdb   6.5260   0.5976   0.4329
   2                                              tag0002.al.pdb  10.3030   0.5335   0.3750
   3                                              tag0003.al.pdb  10.5170   0.4756   0.3445
   4                                              tag0004.al.pdb   4.1040   0.7348   0.5518
   5                                              tag0005.al.pdb   6.3780   0.6555   0.4909
   6                                              tag0006.al.pdb   6.5150   0.6799   0.5213
   7                                              tag0007.al.pdb   6.7180   0.5701   0.3841
   8                                              tag0008.al.pdb   4.6460   0.7256   0.5549
   9                                              tag0009.al.pdb   7.3090   0.6006   0.4360
  10                                              tag0010.al.pdb   5.5160   0.7866   0.6280
  11                                              tag0011.al.pdb  10.0350   0.5701   0.3994
  12                                              tag0012.al.pdb   8.5110   0.6128   0.4512
  13                                              tag0013.al.pdb   6.5320   0.6433   0.4878
  14                                              tag0014.al.pdb   5.6670   0.7713   0.6067
  15                                              tag0015.al.pdb   8.7040   0.6220   0.4665
  16                                              tag0016.al.pdb   7.6820   0.5640   0.4116
  17                                              tag0017.al.pdb   5.6030   0.6921   0.5030
  18                                              tag0018.al.pdb   4.9120   0.6250   0.4390
  19                                              tag0019.al.pdb   6.4600   0.6555   0.5061
  20                                              tag0020.al.pdb   4.1620   0.7652   0.5701
  21                                              tag0021.al.pdb   6.8280   0.6006   0.4268
  22                                              tag0022.al.pdb   4.4260   0.7561   0.5823
  23                                              tag0023.al.pdb   3.5010   0.7317   0.5640
  24                                              tag0024.al.pdb   5.8770   0.6433   0.4543
  25                                              tag0025.al.pdb   6.3080   0.6860   0.5152
  26                                              tag0026.al.pdb   8.3300   0.6768   0.5030
  27                                              tag0027.al.pdb   8.1380   0.6494   0.4970
  28                                              tag0028.al.pdb   4.6450   0.7805   0.6250
  29                                              tag0029.al.pdb   3.7740   0.7500   0.5915
  30                                              tag0030.al.pdb   5.5890   0.6555   0.4756
  31                                              tag0031.al.pdb   5.3450   0.6890   0.5091
  32                                              tag0032.al.pdb   6.3560   0.6829   0.5152
  33                                              tag0033.al.pdb   5.8850   0.6616   0.4695
  34                                              tag0034.al.pdb   5.0650   0.7500   0.5579
  35                                              tag0035.al.pdb   8.4380   0.6372   0.4909
  36                                              tag0036.al.pdb   6.3630   0.6402   0.4665
  37                                              tag0037.al.pdb   8.4940   0.6646   0.5152
  38                                              tag0038.al.pdb   7.0440   0.6341   0.4817
  39                                              tag0039.al.pdb   6.6520   0.6311   0.4634
  40                                              tag0040.al.pdb   7.5380   0.5335   0.3811
  41                                              tag0041.al.pdb   4.8260   0.7500   0.5823
  42                                              tag0042.al.pdb   7.5080   0.6799   0.5305
  43                                              tag0043.al.pdb   5.0380   0.7927   0.6006
  44                                              tag0044.al.pdb   7.4430   0.5305   0.3902
  45                                              tag0045.al.pdb   7.0020   0.6098   0.4329
  46                                              tag0046.al.pdb   7.6090   0.6463   0.4909
  47                                              tag0047.al.pdb   7.3430   0.4543   0.2835
  48                                              tag0048.al.pdb   6.7940   0.6829   0.5305
  49                                              tag0049.al.pdb   5.0570   0.6982   0.5274
  50                                              tag0050.al.pdb   8.4850   0.6585   0.4939
  51                                              tag0051.al.pdb   2.4120   0.7622   0.5701
  52                                              tag0052.al.pdb   5.1430   0.7866   0.6311
  53                                              tag0053.al.pdb   6.3130   0.6433   0.4909
  54                                              tag0054.al.pdb   6.4140   0.6677   0.4878
  55                                              tag0055.al.pdb   3.7860   0.7195   0.5305
  56                                              tag0056.al.pdb   9.1190   0.6067   0.4329
  57                                              tag0057.al.pdb   5.9710   0.6067   0.4268
  58                                              tag0058.al.pdb   8.5270   0.5183   0.3415
  59                                              tag0059.al.pdb   5.9070   0.6951   0.5488
  60                                              tag0060.al.pdb   3.4300   0.7195   0.5152
  61                                              tag0061.al.pdb   5.6930   0.6463   0.4817
  62                                              tag0062.al.pdb   4.0460   0.6311   0.4421
  63                                              tag0063.al.pdb   7.1860   0.6433   0.4817
  64                                              tag0064.al.pdb   4.8840   0.6311   0.4421
  65                                              tag0065.al.pdb   4.9700   0.7134   0.5396
  66                                              tag0066.al.pdb   6.3500   0.6555   0.4848
  67                                              tag0067.al.pdb   6.0530   0.6402   0.4573
  68                                              tag0068.al.pdb   8.3580   0.6067   0.4634
  69                                              tag0069.al.pdb   7.6720   0.6402   0.4970
  70                                              tag0070.al.pdb   7.2170   0.6890   0.5396
  71                                              tag0071.al.pdb   6.9270   0.6738   0.5366
  72                                              tag0072.al.pdb   9.0560   0.4604   0.3232
  73                                              tag0073.al.pdb   5.6660   0.7043   0.5518
  74                                              tag0074.al.pdb   6.2430   0.5183   0.3140
  75                                              tag0075.al.pdb   8.4120   0.6311   0.4695
  76                                              tag0076.al.pdb   5.0030   0.7134   0.5274
  77                                              tag0077.al.pdb   5.7990   0.6189   0.4238
  78                                              tag0078.al.pdb   3.4540   0.7165   0.5274
  79                                              tag0079.al.pdb   5.1080   0.7256   0.5701
  80                                              tag0080.al.pdb   6.0010   0.6098   0.4268
  81                                              tag0081.al.pdb   5.8310   0.6738   0.5122
  82                                              tag0082.al.pdb   6.6850   0.6860   0.5396
  83                                              tag0083.al.pdb   4.8040   0.7683   0.6037
  84                                              tag0084.al.pdb   5.3200   0.7012   0.5274
  85                                              tag0085.al.pdb   2.1250   0.8476   0.7012
  86                                              tag0086.al.pdb   7.2680   0.6128   0.4390
  87                                              tag0087.al.pdb   7.0080   0.7043   0.5549
  88                                              tag0088.al.pdb   7.6420   0.5945   0.4512
  89                                              tag0089.al.pdb   8.6510   0.5518   0.4146
  90                                              tag0090.al.pdb   5.8240   0.7317   0.5793
  91                                              tag0091.al.pdb   6.2670   0.6768   0.5183
  92                                              tag0092.al.pdb   5.5470   0.5762   0.3689
  93                                              tag0093.al.pdb   4.5630   0.7043   0.5457
  94                                              tag0094.al.pdb   4.8820   0.6037   0.4055
  95                                              tag0095.al.pdb   4.4440   0.6982   0.5091
  96                                              tag0096.al.pdb   6.3640   0.6982   0.5549
  97                                              tag0097.al.pdb   6.3790   0.6616   0.4970
  98                                              tag0098.al.pdb   7.0740   0.5701   0.4299
  99                                              tag0099.al.pdb   6.3830   0.4634   0.2774
 100                                              tag0100.al.pdb   6.9180   0.6982   0.5335
