Target                                                           RMSD   GDT-TS   GDT-HA
   1                                           tag0006.al.al.pdb  37.3360   0.2944   0.2298
   2                                              tag0006.al.pdb  37.3360   0.2944   0.2298
   3                                           tag0011.al.al.pdb   2.7510   0.7984   0.6230
   4                                              tag0011.al.pdb   2.7510   0.7984   0.6230
   5                                           tag0012.al.al.pdb   3.7640   0.7984   0.6230
   6                                              tag0012.al.pdb   3.7640   0.7984   0.6230
   7                                           tag0013.al.al.pdb   3.6200   0.7480   0.5746
   8                                              tag0013.al.pdb   3.6200   0.7480   0.5746
   9                                           tag0015.al.al.pdb   1.9900   0.8206   0.6331
  10                                              tag0015.al.pdb   1.9900   0.8206   0.6331
  11                                           tag0016.al.al.pdb   3.1200   0.7802   0.6069
  12                                              tag0016.al.pdb   3.1200   0.7802   0.6069
  13                                           tag0017.al.al.pdb   3.2310   0.7863   0.6069
  14                                              tag0017.al.pdb   3.2310   0.7863   0.6069
  15                                           tag0018.al.al.pdb   2.6610   0.7863   0.6008
  16                                              tag0018.al.pdb   2.6610   0.7863   0.6008
  17                                           tag0019.al.al.pdb   2.0060   0.8569   0.6794
  18                                              tag0019.al.pdb   2.0060   0.8569   0.6794
  19                                           tag0020.al.al.pdb   3.1180   0.7661   0.5867
  20                                              tag0020.al.pdb   3.1180   0.7661   0.5867
  21                                           tag0042.al.al.pdb   3.9380   0.6371   0.4274
  22                                              tag0042.al.pdb   3.9380   0.6371   0.4274
  23                                           tag0043.al.al.pdb   7.7350   0.5806   0.4294
  24                                              tag0043.al.pdb   7.7350   0.5806   0.4294
  25                                           tag0044.al.al.pdb   3.2650   0.6915   0.4859
  26                                              tag0044.al.pdb   3.2650   0.6915   0.4859
  27                                           tag0045.al.al.pdb   3.0560   0.7419   0.5464
  28                                              tag0045.al.pdb   3.0560   0.7419   0.5464
  29                                           tag0046.al.al.pdb   3.2040   0.7399   0.5423
  30                                              tag0046.al.pdb   3.2040   0.7399   0.5423
  31                                           tag0047.al.al.pdb   3.4840   0.6694   0.4637
  32                                              tag0047.al.pdb   3.4840   0.6694   0.4637
  33                                           tag0049.al.al.pdb   3.5940   0.6895   0.4839
  34                                              tag0049.al.pdb   3.5940   0.6895   0.4839
  35                                           tag0050.al.al.pdb   4.0430   0.6573   0.4597
  36                                              tag0050.al.pdb   4.0430   0.6573   0.4597
  37                                           tag0051.al.al.pdb   4.1110   0.6190   0.4073
  38                                              tag0051.al.pdb   4.1110   0.6190   0.4073
  39                                           tag0052.al.al.pdb   4.4580   0.5605   0.3548
  40                                              tag0052.al.pdb   4.4580   0.5605   0.3548
  41                                           tag0053.al.al.pdb   4.2670   0.6028   0.3871
  42                                              tag0053.al.pdb   4.2670   0.6028   0.3871
  43                                           tag0054.al.al.pdb   4.9660   0.5444   0.3427
  44                                              tag0054.al.pdb   4.9660   0.5444   0.3427
  45                                           tag0056.al.al.pdb   3.8370   0.6149   0.4093
  46                                              tag0056.al.pdb   3.8370   0.6149   0.4093
  47                                           tag0058.al.al.pdb   4.4220   0.5927   0.3891
  48                                              tag0058.al.pdb   4.4220   0.5927   0.3891
  49                                           tag0059.al.al.pdb   4.4020   0.5605   0.3589
  50                                              tag0059.al.pdb   4.4020   0.5605   0.3589
  51                                           tag0060.al.al.pdb   4.4990   0.5706   0.3690
  52                                              tag0060.al.pdb   4.4990   0.5706   0.3690
  53                                           tag0061.al.al.pdb  29.4560   0.5202   0.3891
  54                                              tag0061.al.pdb  29.4560   0.5202   0.3891
  55                                           tag0063.al.al.pdb  29.6570   0.4778   0.3528
  56                                              tag0063.al.pdb  29.6570   0.4778   0.3528
  57                                           tag0064.al.al.pdb  20.7220   0.4940   0.3790
  58                                              tag0064.al.pdb  20.7220   0.4940   0.3790
  59                                           tag0065.al.al.pdb  31.1040   0.5242   0.4093
  60                                              tag0065.al.pdb  31.1040   0.5242   0.4093
  61                                           tag0066.al.al.pdb  27.3020   0.5363   0.4113
  62                                              tag0066.al.pdb  27.3020   0.5363   0.4113
  63                                           tag0069.al.al.pdb  23.9010   0.5161   0.3851
  64                                              tag0069.al.pdb  23.9010   0.5161   0.3851
  65                                           tag0091.al.al.pdb   5.9110   0.6915   0.5101
  66                                              tag0091.al.pdb   5.9110   0.6915   0.5101
  67                                           tag0092.al.al.pdb   4.4950   0.6976   0.5020
  68                                              tag0092.al.pdb   4.4950   0.6976   0.5020
  69                                           tag0093.al.al.pdb   4.3570   0.6532   0.4617
  70                                              tag0093.al.pdb   4.3570   0.6532   0.4617
  71                                           tag0094.al.al.pdb   4.9380   0.6673   0.4899
  72                                              tag0094.al.pdb   4.9380   0.6673   0.4899
  73                                           tag0098.al.al.pdb   5.1680   0.6613   0.4698
  74                                              tag0098.al.pdb   5.1680   0.6613   0.4698
  75                                           tag0099.al.al.pdb   5.6350   0.6270   0.4375
  76                                              tag0099.al.pdb   5.6350   0.6270   0.4375
  77                                           tag0100.al.al.pdb   5.4640   0.6210   0.4556
  78                                              tag0100.al.pdb   5.4640   0.6210   0.4556
  79                                           tag0102.al.al.pdb   6.4160   0.4597   0.2802
  80                                              tag0102.al.pdb   6.4160   0.4597   0.2802
  81                                           tag0105.al.al.pdb   4.9170   0.5746   0.3710
  82                                              tag0105.al.pdb   4.9170   0.5746   0.3710
  83                                           tag0106.al.al.pdb   6.8050   0.4395   0.2581
  84                                              tag0106.al.pdb   6.8050   0.4395   0.2581
  85                                           tag0108.al.al.pdb   5.6680   0.4637   0.2762
  86                                              tag0108.al.pdb   5.6680   0.4637   0.2762
  87                                           tag0111.al.al.pdb   3.9400   0.7198   0.5222
  88                                              tag0111.al.pdb   3.9400   0.7198   0.5222
  89                                           tag0112.al.al.pdb   3.5780   0.7117   0.5101
  90                                              tag0112.al.pdb   3.5780   0.7117   0.5101
  91                                           tag0113.al.al.pdb   3.2820   0.7339   0.5423
  92                                              tag0113.al.pdb   3.2820   0.7339   0.5423
  93                                           tag0114.al.al.pdb   3.7300   0.6915   0.4899
  94                                              tag0114.al.pdb   3.7300   0.6915   0.4899
  95                                           tag0115.al.al.pdb   3.1910   0.7560   0.5605
  96                                              tag0115.al.pdb   3.1910   0.7560   0.5605
  97                                           tag0116.al.al.pdb   3.3390   0.7399   0.5444
  98                                              tag0116.al.pdb   3.3390   0.7399   0.5444
  99                                           tag0117.al.al.pdb   2.7070   0.7500   0.5565
 100                                              tag0117.al.pdb   2.7070   0.7500   0.5565
 101                                           tag0118.al.al.pdb   3.2730   0.7379   0.5464
 102                                              tag0118.al.pdb   3.2730   0.7379   0.5464
 103                                           tag0119.al.al.pdb   3.7640   0.7238   0.5464
 104                                              tag0119.al.pdb   3.7640   0.7238   0.5464
 105                                           tag0120.al.al.pdb   2.9480   0.7319   0.5363
 106                                              tag0120.al.pdb   2.9480   0.7319   0.5363
 107                                           tag0132.al.al.pdb   3.5960   0.7258   0.5585
 108                                              tag0132.al.pdb   3.5960   0.7258   0.5585
 109                                           tag0133.al.al.pdb   3.6830   0.7722   0.6069
 110                                              tag0133.al.pdb   3.6830   0.7722   0.6069
 111                                           tag0134.al.al.pdb   4.3310   0.7177   0.5464
 112                                              tag0134.al.pdb   4.3310   0.7177   0.5464
 113                                           tag0135.al.al.pdb   3.5540   0.7560   0.5766
 114                                              tag0135.al.pdb   3.5540   0.7560   0.5766
 115                                           tag0136.al.al.pdb   3.7690   0.7762   0.6169
 116                                              tag0136.al.pdb   3.7690   0.7762   0.6169
 117                                           tag0137.al.al.pdb   2.8040   0.7339   0.5363
 118                                              tag0137.al.pdb   2.8040   0.7339   0.5363
 119                                           tag0138.al.al.pdb   3.2110   0.7722   0.6190
 120                                              tag0138.al.pdb   3.2110   0.7722   0.6190
 121                                           tag0139.al.al.pdb   4.1590   0.7440   0.5786
 122                                              tag0139.al.pdb   4.1590   0.7440   0.5786
 123                                           tag0140.al.al.pdb   3.8140   0.7379   0.5605
 124                                              tag0140.al.pdb   3.8140   0.7379   0.5605
 125                                           tag0182.al.al.pdb   2.7180   0.8266   0.6673
 126                                              tag0182.al.pdb   2.7180   0.8266   0.6673
 127                                           tag0183.al.al.pdb   2.2250   0.8367   0.6633
 128                                              tag0183.al.pdb   2.2250   0.8367   0.6633
 129                                           tag0184.al.al.pdb   2.5890   0.8629   0.7157
 130                                              tag0184.al.pdb   2.5890   0.8629   0.7157
 131                                           tag0185.al.al.pdb   2.6640   0.8246   0.6734
 132                                              tag0185.al.pdb   2.6640   0.8246   0.6734
 133                                           tag0187.al.al.pdb   2.9100   0.8387   0.6835
 134                                              tag0187.al.pdb   2.9100   0.8387   0.6835
 135                                           tag0189.al.al.pdb   2.8560   0.8246   0.6573
 136                                              tag0189.al.pdb   2.8560   0.8246   0.6573
 137                                           tag0190.al.al.pdb   2.7940   0.8085   0.6492
 138                                              tag0190.al.pdb   2.7940   0.8085   0.6492
 139                                           tag0201.al.al.pdb   2.1020   0.8468   0.6714
 140                                              tag0201.al.pdb   2.1020   0.8468   0.6714
 141                                           tag0202.al.al.pdb   1.2670   0.9073   0.7581
 142                                              tag0202.al.pdb   1.2670   0.9073   0.7581
 143                                           tag0203.al.al.pdb   2.7320   0.7883   0.6028
 144                                              tag0203.al.pdb   2.7320   0.7883   0.6028
 145                                           tag0204.al.al.pdb   2.2240   0.8690   0.7077
 146                                              tag0204.al.pdb   2.2240   0.8690   0.7077
 147                                           tag0205.al.al.pdb   2.2240   0.8810   0.7298
 148                                              tag0205.al.pdb   2.2240   0.8810   0.7298
 149                                           tag0206.al.al.pdb   1.8990   0.8407   0.6633
 150                                              tag0206.al.pdb   1.8990   0.8407   0.6633
 151                                           tag0207.al.al.pdb   1.5010   0.8790   0.7218
 152                                              tag0207.al.pdb   1.5010   0.8790   0.7218
 153                                           tag0208.al.al.pdb   1.5590   0.9073   0.7601
 154                                              tag0208.al.pdb   1.5590   0.9073   0.7601
 155                                           tag0209.al.al.pdb   1.7850   0.8407   0.6532
 156                                              tag0209.al.pdb   1.7850   0.8407   0.6532
 157                                           tag0210.al.al.pdb   1.9460   0.8871   0.7419
 158                                              tag0210.al.pdb   1.9460   0.8871   0.7419
 159                                           tag0218.al.al.pdb  11.7370   0.3750   0.2581
 160                                              tag0218.al.pdb  11.7370   0.3750   0.2581
 161                                           tag0252.al.al.pdb  23.3080   0.3952   0.2843
 162                                              tag0252.al.pdb  23.3080   0.3952   0.2843
 163                                           tag0321.al.al.pdb   3.8980   0.6452   0.4556
 164                                              tag0321.al.pdb   3.8980   0.6452   0.4556
 165                                           tag0322.al.al.pdb   3.5380   0.7520   0.5726
 166                                              tag0322.al.pdb   3.5380   0.7520   0.5726
 167                                           tag0323.al.al.pdb   3.9950   0.6633   0.4738
 168                                              tag0323.al.pdb   3.9950   0.6633   0.4738
 169                                           tag0325.al.al.pdb   3.9030   0.6573   0.4597
 170                                              tag0325.al.pdb   3.9030   0.6573   0.4597
 171                                           tag0326.al.al.pdb   4.3690   0.6492   0.4435
 172                                              tag0326.al.pdb   4.3690   0.6492   0.4435
 173                                           tag0327.al.al.pdb   3.8780   0.7097   0.5222
 174                                              tag0327.al.pdb   3.8780   0.7097   0.5222
 175                                           tag0328.al.al.pdb   4.0340   0.6532   0.4476
 176                                              tag0328.al.pdb   4.0340   0.6532   0.4476
 177                                           tag0329.al.al.pdb   4.1310   0.7440   0.5544
 178                                              tag0329.al.pdb   4.1310   0.7440   0.5544
 179                                           tag0330.al.al.pdb   4.0910   0.6391   0.4516
 180                                              tag0330.al.pdb   4.0910   0.6391   0.4516
 181                                           tag0384.al.al.pdb  22.6640   0.3589   0.2500
 182                                              tag0384.al.pdb  22.6640   0.3589   0.2500
 183                                           tag0387.al.al.pdb  21.5110   0.3367   0.2319
 184                                              tag0387.al.pdb  21.5110   0.3367   0.2319
 185                                           tag0441.al.al.pdb  40.6270   0.3125   0.2641
 186                                              tag0441.al.pdb  40.6270   0.3125   0.2641
 187                                           tag0444.al.al.pdb  37.0760   0.3145   0.2480
 188                                              tag0444.al.pdb  37.0760   0.3145   0.2480
 189                                           tag0448.al.al.pdb  43.7020   0.3004   0.2480
 190                                              tag0448.al.pdb  43.7020   0.3004   0.2480
 191                                           tag0530.al.al.pdb  12.9680   0.3266   0.2278
 192                                              tag0530.al.pdb  12.9680   0.3266   0.2278
 193                                           tag0543.al.al.pdb   7.5830   0.4395   0.3206
 194                                              tag0543.al.pdb   7.5830   0.4395   0.3206
 195                                           tag0550.al.al.pdb   8.1270   0.3911   0.2641
 196                                              tag0550.al.pdb   8.1270   0.3911   0.2641
 197                                           tag0565.al.al.pdb  29.3290   0.4677   0.3327
 198                                              tag0565.al.pdb  29.3290   0.4677   0.3327
 199                                           tag0568.al.al.pdb  23.9030   0.4758   0.3407
 200                                              tag0568.al.pdb  23.9030   0.4758   0.3407
